2.5 0.25 -0 0.112612 -0.993639 -0
1.91511 0.25 -1.60697 0.0862661 -0.993639 -0.0723859
0.43412 0.25 -2.46202 0.0195549 -0.993639 -0.110902
-1.25 0.25 -2.16506 -0.0563062 -0.993639 -0.0975252
-2.34923 0.25 -0.85505 -0.105821 -0.993639 -0.0385157
-2.34923 0.25 0.85505 -0.105821 -0.993639 0.0385157
-1.25 0.25 2.16506 -0.0563062 -0.993639 0.0975252
0.43412 0.25 2.46202 0.0195549 -0.993639 0.110902
1.91511 0.25 1.60697 0.0862661 -0.993639 0.0723859
2.5 0.25 6.12323e-16 0.112612 -0.993639 2.75821e-17
4.84375 0.515625 -0 0.128632 -0.991693 -0
3.71053 0.515625 -3.1135 0.0985376 -0.991693 -0.0826829
0.841108 0.515625 -4.77016 0.0223367 -0.991693 -0.126677
-2.42188 0.515625 -4.19481 -0.0643158 -0.991693 -0.111398
-4.55164 0.515625 -1.65666 -0.120874 -0.991693 -0.0439946
-4.55164 0.515625 1.65666 -0.120874 -0.991693 0.0439946
-2.42188 0.515625 4.19481 -0.0643158 -0.991693 0.111398
0.841108 0.515625 4.77016 0.0223367 -0.991693 0.126677
3.71053 0.515625 3.1135 0.0985376 -0.991693 0.0826829
4.84375 0.515625 1.18638e-15 0.128632 -0.991693 3.15057e-17
6.875 0.8125 -0 0.179854 -0.983693 -0
5.26656 0.8125 -4.41916 0.137776 -0.983693 -0.115608
1.19383 0.8125 -6.77055 0.0312314 -0.983693 -0.177122
-3.4375 0.8125 -5.95392 -0.0899271 -0.983693 -0.155758
-6.46039 0.8125 -2.35139 -0.169008 -0.983693 -0.0615138
-6.46039 0.8125 2.35139 -0.169008 -0.983693 0.0615138
-3.4375 0.8125 5.95392 -0.0899271 -0.983693 0.155758
1.19383 0.8125 6.77055 0.0312314 -0.983693 0.177122
5.26656 0.8125 4.41916 0.137776 -0.983693 0.115608
6.875 0.8125 1.68389e-15 0.179854 -0.983693 4.40516e-17
8.4375 1.15625 -0 0.307656 -0.951497 -0
6.4635 1.15625 -5.42352 0.235679 -0.951497 -0.197758
1.46516 1.15625 -8.30932 0.053424 -0.951497 -0.302982
-4.21875 1.15625 -7.30709 -0.153828 -0.951497 -0.266438
-7.92866 1.15625 -2.88579 -0.289103 -0.951497 -0.105225
-7.92866 1.15625 2.88579 -0.289103 -0.951497 0.105225
-4.21875 1.15625 7.30709 -0.153828 -0.951497 0.266438
1.46516 1.15625 8.30932 0.053424 -0.951497 0.302982
6.4635 1.15625 5.42352 0.235679 -0.951497 0.197758
8.4375 1.15625 2.06659e-15 0.307656 -0.951497 7.53541e-17
9.375 1.5625 -0 0.610639 -0.791909 -0
7.18167 1.5625 -6.02613 0.467777 -0.791909 -0.392511
1.62795 1.5625 -9.23257 0.106036 -0.791909 -0.601362
-4.6875 1.5625 -8.11899 -0.30532 -0.791909 -0.528829
-8.80962 1.5625 -3.20644 -0.573813 -0.791909 -0.208851
-8.80962 1.5625 3.20644 -0.573813 -0.791909 0.208851
-4.6875 1.5625 8.11899 -0.30532 -0.791909 0.528829
1.62795 1.5625 9.23257 0.106036 -0.791909 0.601362
7.18167 1.5625 6.02613 0.467777 -0.791909 0.392511
9.375 1.5625 2.29621e-15 0.610639 -0.791909 1.49563e-16
9.71875 2 -0 0.994888 -0.100988 -0
7.44499 2 -6.24709 0.762128 -0.100988 -0.639501
1.68764 2 -9.5711 0.17276 -0.100988 -0.979773
-4.85938 2 -8.41668 -0.497444 -0.100988 -0.861598
-9.13264 2 -3.32401 -0.934889 -0.100988 -0.340272
-9.13264 2 3.32401 -0.934889 -0.100988 0.340272
-4.85938 2 8.41668 -0.497444 -0.100988 0.861598
1.68764 2 9.5711 0.17276 -0.100988 0.979773
7.44499 2 6.24709 0.762128 -0.100988 0.639501
9.71875 2 2.38041e-15 0.994888 -0.100988 2.43677e-16
9.5 2.4375 -0 0.718599 0.695424 -0
7.27742 2.4375 -6.10648 0.550479 0.695424 -0.461907
1.64966 2.4375 -9.35567 0.124783 0.695424 -0.707682
-4.75 2.4375 -8.22724 -0.3593 0.695424 -0.622325
-8.92708 2.4375 -3.24919 -0.675262 0.695424 -0.245775
-8.92708 2.4375 3.24919 -0.675262 0.695424 0.245775
-4.75 2.4375 8.22724 -0.3593 0.695424 0.622325
1.64966 2.4375 9.35567 0.124783 0.695424 0.707682
7.27742 2.4375 6.10648 0.550479 0.695424 0.461907
9.5 2.4375 2.32683e-15 0.718599 0.695424 1.76006e-16
8.75 2.84375 -0 0.373143 0.927774 -0
6.70289 2.84375 -5.62439 0.285844 0.927774 -0.239852
1.51942 2.84375 -8.61707 0.0647956 0.927774 -0.367474
-4.375 2.84375 -7.57772 -0.186572 0.927774 -0.323151
-8.22231 2.84375 -2.99268 -0.35064 0.927774 -0.127622
-8.22231 2.84375 2.99268 -0.35064 0.927774 0.127622
-4.375 2.84375 7.57772 -0.186572 0.927774 0.323151
1.51942 2.84375 8.61707 0.0647956 0.927774 0.367474
6.70289 2.84375 5.62439 0.285844 0.927774 0.239852
8.75 2.84375 2.14313e-15 0.373143 0.927774 9.13937e-17
7.5 3.1875 -0 0.232689 0.972551 -0
5.74533 3.1875 -4.82091 0.17825 0.972551 -0.14957
1.30236 3.1875 -7.38606 0.040406 0.972551 -0.229154
-3.75 3.1875 -6.49519 -0.116344 0.972551 -0.201515
-7.04769 3.1875 -2.56515 -0.218656 0.972551 -0.0795843
-7.04769 3.1875 2.56515 -0.218656 0.972551 0.0795843
-3.75 3.1875 6.49519 -0.116344 0.972551 0.201515
1.30236 3.1875 7.38606 0.040406 0.972551 0.229154
5.74533 3.1875 4.82091 0.17825 0.972551 0.14957
7.5 3.1875 1.83697e-15 0.232689 0.972551 5.69924e-17
5.96875 3.5 -0 0.196189 0.980566 -0
4.57233 3.5 -3.83664 0.150289 0.980566 -0.126108
1.03646 3.5 -5.87807 0.0340678 0.980566 -0.193208
-2.98438 3.5 -5.16909 -0.0980943 0.980566 -0.169904
-5.60879 3.5 -2.04143 -0.184357 0.980566 -0.0671005
-5.60879 3.5 2.04143 -0.184357 0.980566 0.0671005
-2.98438 3.5 5.16909 -0.0980943 0.980566 0.169904
1.03646 3.5 5.87807 0.0340678 0.980566 0.193208
4.57233 3.5 3.83664 0.150289 0.980566 0.126108
5.96875 3.5 1.46192e-15 0.196189 0.980566 4.80524e-17
4.375 3.8125 -0 0.212539 0.977153 -0
3.35144 3.8125 -2.8122 0.162814 0.977153 -0.136617
0.759711 3.8125 -4.30853 0.036907 0.977153 -0.20931
-2.1875 3.8125 -3.78886 -0.106269 0.977153 -0.184064
-4.11116 3.8125 -1.49634 -0.199721 0.977153 -0.0726925
-4.11116 3.8125 1.49634 -0.199721 0.977153 0.0726925
-2.1875 3.8125 3.78886 -0.106269 0.977153 0.184064
0.759711 3.8125 4.30853 0.036907 0.977153 0.20931
3.35144 3.8125 2.8122 0.162814 0.977153 0.136617
4.375 3.8125 1.07157e-15 0.212539 0.977153 5.2057e-17
2.9375 4.15625 -0 0.295484 0.955348 -0
2.25026 4.15625 -1.88819 0.226354 0.955348 -0.189933
0.510092 4.15625 -2.89287 0.0513102 0.955348 -0.290995
-1.46875 4.15625 -2.54395 -0.147742 0.955348 -0.255897
-2.76035 4.15625 -1.00468 -0.277664 0.955348 -0.101061
-2.76035 4.15625 1.00468 -0.277664 0.955348 0.101061
-1.46875 4.15625 2.54395 -0.147742 0.955348 0.255897
0.510092 4.15625 2.89287 0.0513102 0.955348 0.290995
2.25026 4.15625 1.88819 0.226354 0.955348 0.189933
2.9375 4.15625 7.1948e-16 0.295484 0.955348 7.23727e-17
1.875 4.5625 -0 0.430812 0.902442 -0
1.43633 4.5625 -1.20523 0.330021 0.902442 -0.276921
0.32559 4.5625 -1.84651 0.0748098 0.902442 -0.424267
-0.9375 4.5625 -1.6238 -0.215406 0.902442 -0.373094
-1.76192 4.5625 -0.641288 -0.404831 0.902442 -0.147346
-1.76192 4.5625 0.641288 -0.404831 0.902442 0.147346
-0.9375 4.5625 1.6238 -0.215406 0.902442 0.373094
0.32559 4.5625 1.84651 0.0748098 0.902442 0.424267
1.43633 4.5625 1.20523 0.330021 0.902442 0.276921
1.875 4.5625 4.59243e-16 0.430812 0.902442 1.05519e-16
1.09375 5.01563 -0 0.568712 0.822537 -0
0.837861 5.01563 -0.703049 0.435659 0.822537 -0.365561
0.189928 5.01563 -1.07713 0.0987558 0.822537 -0.560072
-0.546875 5.01563 -0.947215 -0.284356 0.822537 -0.492519
-1.02779 5.01563 -0.374085 -0.534415 0.822537 -0.194511
-1.02779 5.01563 0.374085 -0.534415 0.822537 0.194511
-0.546875 5.01563 0.947215 -0.284356 0.822537 0.492519
0.189928 5.01563 1.07713 0.0987558 0.822537 0.560072
0.837861 5.01563 0.703049 0.435659 0.822537 0.365561
1.09375 5.01563 2.67891e-16 0.568712 0.822537 1.39294e-16
0.5 5.5 -0 0.632127 0.774865 -0
0.383022 5.5 -0.321394 0.484237 0.774865 -0.406323
0.0868241 5.5 -0.492404 0.109768 0.774865 -0.622523
-0.25 5.5 -0.433013 -0.316063 0.774865 -0.547438
-0.469846 5.5 -0.17101 -0.594005 0.774865 -0.2162
-0.469846 5.5 0.17101 -0.594005 0.774865 0.2162
-0.25 5.5 0.433013 -0.316063 0.774865 0.547438
0.0868241 5.5 0.492404 0.109768 0.774865 0.622523
0.383022 5.5 0.321394 0.484237 0.774865 0.406323
0.5 5.5 1.22465e-16 0.632127 0.774865 1.54826e-16
